814.873 0.0 20.0
809.888 31.476 16.0
795.42 59.871 12.0
772.885 82.406 8.0
744.49 96.874 4.0
713.014 101.859 0.0
681.538 96.874 -4.0
653.143 82.406 -8.0
630.608 59.871 -12.0
616.14 31.476 -16.0
611.155 0.0 -20.0
606.17 -31.476 -16.0
591.702 -59.871 -12.0
569.167 -82.406 -8.0
540.772 -96.874 -4.0
509.296 -101.859 0.0
477.82 -96.874 4.0
449.425 -82.406 8.0
426.89 -59.871 12.0
412.422 -31.476 16.0
407.437 0.0 20.0
402.451 31.476 16.0
387.983 59.871 12.0
365.449 82.406 8.0
337.054 96.874 4.0
305.577 101.859 0.0
274.101 96.874 -4.0
245.706 82.406 -8.0
223.172 59.871 -12.0
208.704 31.476 -16.0
203.718 0.0 -20.0
198.733 -31.476 -16.0
184.265 -59.871 -12.0
161.73 -82.406 -8.0
133.335 -96.874 -4.0
101.859 -101.859 0.0
70.383 -96.874 4.0
41.988 -82.406 8.0
19.453 -59.871 12.0
4.985 -31.476 16.0
0.0 0.0 20.0
-4.985 31.476 18.0
-19.453 59.871 16.0
-41.988 82.406 14.0
-70.383 96.874 12.0
-101.859 101.859 10.0
-133.335 96.874 8.0
-161.73 82.406 6.0
-184.265 59.871 4.0
-198.733 31.476 2.0
-203.718 0.0 0.0
-198.733 -31.476 -2.0
-184.265 -59.871 -4.0
-161.73 -82.406 -6.0
-133.335 -96.874 -8.0
-101.859 -101.859 -10.0
-70.383 -96.874 -12.0
-41.988 -82.406 -14.0
-19.453 -59.871 -16.0
-4.985 -31.476 -18.0
0.0 0.0 -20.0
4.985 31.476 -16.0
19.453 59.871 -12.0
41.988 82.406 -8.0
70.383 96.874 -4.0
101.859 101.859 0.0
133.335 96.874 4.0
161.73 82.406 8.0
184.265 59.871 12.0
198.733 31.476 16.0
203.718 0.0 20.0
208.704 -31.476 16.0
223.172 -59.871 12.0
245.706 -82.406 8.0
274.101 -96.874 4.0
305.577 -101.859 0.0
337.054 -96.874 -4.0
365.449 -82.406 -8.0
387.983 -59.871 -12.0
402.451 -31.476 -16.0
407.437 0.0 -20.0
412.422 31.476 -16.0
426.89 59.871 -12.0
449.425 82.406 -8.0
477.82 96.874 -4.0
509.296 101.859 0.0
540.772 96.874 4.0
569.167 82.406 8.0
591.702 59.871 12.0
606.17 31.476 16.0
611.155 0.0 20.0
616.14 -31.476 16.0
630.608 -59.871 12.0
653.143 -82.406 8.0
681.538 -96.874 4.0
713.014 -101.859 0.0
744.49 -96.874 -4.0
772.885 -82.406 -8.0
795.42 -59.871 -12.0
809.888 -31.476 -16.0
-0.000000 540.295818 0.000000
-25.978949 540.290839 0.000000
